11111111111111111111111111111111111111111111111111111111111111111111111111111111111111111111111111111111111111111111110000011111111111
11111111111111111111111111111111111111111111111111111111111111111111111111111111111111111111111111111111111111111111100000011111111111
11111111111111111111111111111111111111111111111111111111111111111111111111111111111111111111111111111111111111111111100010011111111111
11111111111111111111111111111111111111111111111111111111111111111111111111111111111111111111111111111111111111111111100010011111111111
11111111111111111111111111111111111111111111111111111111111111111111111111111111111111111111111111111111111111111100000010011111111111
11111111111111111111111111111111111111111111111111111111111111111111111111111111111111111111111111111111111111111100000110011111111111
11111111111111111111111111111111111111111111111111111111111111111111111111111111111111111111111111111111111111111100111110011111111111
11111111111111111111111111111111111111111111111111111111111111111111111111111111111111111111111111111111111111000000111110011111111111
11111111111111111111111111111111111111111111111111111111111111111111111111111111111111111111111111111111111111000000000000011111111111
11111111111111111111111111111111111111111111111111111111111111111111111111111111111111111111111111111111111111000000000000011111111111
11111111111111111111111111111111111111111111111111111111111111111111111111111111111111111111111111111111111000000000000000011111111111
11111111111111111111111111111111111111111111111111111111111111111111111111111111111111111111111111111111111000000000000000011111111111
11111111111111111111111111111111111111111111111111111111111111111111111111111111111111111111111111111111111000000000000000011111111111
11111111111111111111111111111111111111111111111111111111111111111111111111111111111111111111111111111111000000000000000000011111111111
11111111111111111111111111111111111111111111111111111111111111111111111111111111111111111111111111111111000000000000000000011111111111
11111111111111111111111111111111111111111111111111111111111111111111111111111111111111111111111111111111001111111111111110011111111111
11111111111111111111111111111111111111111111111111111111111111111111111111111111111111111111111111110000001111111111111110011111111111
11111111111111111111111111111111111111111111111111111111111111111111111111111111111111111111111111110000001111111111111110011111111111
11111111111111111111111111111111111111111111111111111111111111111111111111111111111111111111111111110011111111111111111110011111111111
11111111111111111111111111111111111111111111111111111111111111111111111111111111111111111111111111110011111111111111111110011111111111
11111111111111111111111111111111111111111111111111111111100000000000011111111111111111111100000000000000000001111111111110011111111111
11111111111111111111111111111111111111111111111111110000000000000000000001111111111111111100000000000000000000000111111110011111111111
11111111111111111111111111111111111111111111111111110000000000000000000001111111111111111100111000011111111000000111111110011111111111
11111111111111111111111111111111111111111111110000000000000000000000000000001111111111111100111000011111111111000111111110011111111111
11111111111111111111111111111111111111111110000000000000000000000000000000000000011111111100111000011111111111000111111110000011111111
11111111111111111111111111111111111111111110000000000000000000000000000000000000011111111100111000011111111111000111111110000011111111
11111111111111111111111111111111111100000000000000000000000000000000000000001110000000000000111000011111111111000111111111110011111111
11111111111111111111111111111111111100000000000000000000000000000000000000001110000000000000111000011111111111000111111111110011111111
11111111111111111111111111111110000000111110000000000000000000000000000111111111100111111100111000011111111111000000000000000000000011
11111111111111111111111111100000000000111110000000000000000000000000000111111100000111111100111000011111111111000000000000000000000011
11111111111111111111111111100000011111111111110000000000000000001111111111111100011111111100111000011111111111000111111111111111110011
11111111111111111000000000000111111111111111100111111111111111111111111111000011111111111100111000011111111000000111111111111111110011
11111111111100000000000000000001111111111000000111111111111111111111111000000011111111111100000000000000000000000111111111111111110011
11111111111100000001111111111001111111111000011111111111111111111111111000111111111111111100000000000000000001111111111111111111110011
11111111000000111111111111111110011111000011111111111111111111111110000000000000000000000000111111111111111111111111111110000000000011
11111111000000111111111111111110011111000011111111111111111111111110000000000000000000000000111111111111111111111111111110000000000011
11100000001111111111111111111110010000111111111111111111111111110000111000111111111111111111111111111111111111111111100000010011111111
11100000001111111111111111111110000000111111111111111111111100000001111000001111111111111111111111111111111111111100000000010011111111
11100000011111111111111111111110000111111111111111111111111100001111111100001111111111111111111111111111111111111100000011110011111111
11111100000000000000001111111110011111111111111111111111100001111111111111000000000000000000000000000000000000000000111111110011111111
11111100000000000000000000000000000000000000000000000000000000000000000000000000000000000000000000000000000000000000000000000011111111
11111111111111111111000000000000000000000000000000000000000000000000000000000000000000000000000000000000000000000000000000000011111111
11111111111111111111111111111111111111111111111111111110011111111111111111111111111111111111111111111111111111111111111110011111111111
11111111111111111111111111111111111111111111111111111110011111111111111111111111111111111111111111111111111111111111111110011111111111
11111111111111111111111111111111111111111111111111111110000000000000000000000000000000000000000000000000000000000000000000011111111111
11111111111111111111111111111111111111111111111111111110000000000000000000000000000000000000000000000000000000000000000000011111111111
11111111111111111111111111111111111111111111111111111111111111110011111111111111111111111111111111111111111111111111111110011111111111
11111111111111111111111111111111111111111111111111111111111111110000000000000000000000000000000000000000000000000000000000011111111111
11111111111111111111111111111111111111111111111111111111111111110000000000000000000000000000000000000000000000000000000000011111111111
11111111111111111111111111111111111111111111111111111111111111111111111111111111111111111111111111111111111111111111111111111111111111
