1111111111111111111111111111111111111111111111000000000011111111111111111111111111111111111111111111
1111111111111111111111111111111111111111111111000000000011111111111111111111111111111111111111111111
1111111111111111111111111111111111111111111111000000000011111111111111111111111111111111111111111111
1111111111111111111111111111111111111111111111000000000011111111111111111111111111111111111111111111
1111111111111111111111111111111111111111111111000000000011111111111111111111111111111111111111111111
1111111111111111111111111111111111111111111111000000000011111111111111111111111111111111111111111111
1111111111111111111111111111111111111111111111000000000011111111111111111111111111111111111111111111
1111111111111111111111111111111111111111111111000000000011111111111111111111111111111111111111111111
1111111111111111111111111111111111111111111111000000000011111111111111111111111111111111111111111111
1111111111111111111111111111111111111111111111000000000011111111111111111111111111111111111111111111
1111111111111111111111111111111111111111111111000000000011111111111111111111111111111111111111111111
1111111111111111111111111111111111111111111111000000000011111111111111111111111111111111111111111111
1111111111111111111111001111111111111111111111000000000011111111111111111111110011111111111111111111
1111111111111111111100000011111111111111111111000000000011111111111111111111000000111111111111111111
1111111111111111110000000000111111111111111111000000000011111111111111111100000000001111111111111111
1111111111111111111100000000001111111111111111000000000011111111111111110000000000111111111111111111
1111111111111111111111000000000011111111111111000000000011111111111111000000000011111111111111111111
1111111111111111111111110000000000111111111000000000000000011111111100000000001111111111111111111111
1111111111111111111111111100000000001111000000000000000000000011110000000000111111111111111111111111
1111111111111111111111111111000000000000000000000000000000000000000000000011111111111111111111111111
1111111111111111111111111111110000000000000000000000000000000000000000001111111111111111111111111111
1111111111111111111111111111111100000000000000000000000000000000000000111111111111111111111111111111
1111111111111111111111111111111000000000000000000000000000000000000000011111111111111111111111111111
1111111111111111111111111111110000000000000000000000000000000000000000001111111111111111111111111111
1111111111111111111100000000000000000000000000000000000000000000000000000000000011111111111111111111
1111111111111111111100000000000000000000000000000000000000000000000000000000000011111111111111111111
1111111111111111111100000000000000000000000000000000000000000000000000000000000011111111111111111111
1111111111111111111100000000000000000000000000000000000000000000000000000000000011111111111111111111
1111111111111111111100000000000000000000000000000000000000000000000000000000000011111111111111111111
1111111111111111111100000000000000000000000000000000000000000000000000000000000011111111111111111111
1111111111111111111100000000000000000000000000000000000000000000000000000000000011111111111111111111
1111111111111111111100000000000000000000000000000000000000000000000000000000000011111111111111111111
1111111111111111111100000000000000000000000000000000000000000000000000000000000011111111111111111111
1111111111111111111100000000000000000000000000000000000000000000000000000000000011111111111111111111
1111111111111111111100000000000000000000000000000000000000000000000000000000000011111111111111111111
1111111111111111111100000000000000000000000000000000000000000000000000000000000011111111111111111111
1111111111111111111100000000000000000000000000000000000000000000000000000000000011111111111111111111
1111111111111111111100000000000000000000000000000000000000000000000000000000000011111111111111111111
1111111111000000000000000000000000000000000000000000000000000000000000000000000000000000001111111111
1111111110000000000000000000000000000000000000000000000000000000000000000000000000000000000111111111
1111111100001111110000111111111100001111111111000011111111110000111111111111000011111111000011111111
1111111100001111001111001111110011110011111100111100111111001111001111111100111100111111000011111111
1111111100001110011111100111100111111001111001111110011110011111100111111001111110011111000011111111
1111111111000100111111110011001111111100110011111111001100111111110011110011111111001100001111111111
1111111111110011001111001111110011110011111100111100111111001111001111111100111100111100111111111111
1111111111110000110000111111111100001111111111000011111111110000111111111111000011110000111111111111
1111111111111100001111111111111111111111111111111111111111111111111111111111111111000011111111111111
1111111111111111000000000000000000000000000000000000000000000000000000000000000000001111111111111111
1111111111111111000000000000000000000000000000000000000000000000000000000000000000001111111111111111
1111111111111111111111111111111111111111111111111111111111111111111111111111111111111111111111111111